function cmap = betterjet;

cmap = [
         0         0    0.5625
         0         0    0.5625
         0         0    0.5625
         0         0    0.5625
         0         0    0.5625
         0         0    0.5656
         0         0    0.5719
         0         0    0.5781
         0         0    0.5844
         0         0    0.5906
         0         0    0.5969
         0         0    0.6031
         0         0    0.6094
         0         0    0.6156
         0         0    0.6219
         0         0    0.6281
         0         0    0.6344
         0         0    0.6406
         0         0    0.6469
         0         0    0.6531
         0         0    0.6594
         0         0    0.6656
         0         0    0.6719
         0         0    0.6781
         0         0    0.6844
         0         0    0.6906
         0         0    0.6969
         0         0    0.7031
         0         0    0.7094
         0         0    0.7156
         0         0    0.7219
         0         0    0.7281
         0         0    0.7344
         0         0    0.7406
         0         0    0.7469
         0         0    0.7531
         0         0    0.7594
         0         0    0.7656
         0         0    0.7719
         0         0    0.7781
         0         0    0.7844
         0         0    0.7906
         0         0    0.7969
         0         0    0.8031
         0         0    0.8094
         0         0    0.8156
         0         0    0.8219
         0         0    0.8281
         0         0    0.8344
         0         0    0.8406
         0         0    0.8469
         0         0    0.8531
         0         0    0.8594
         0         0    0.8656
         0         0    0.8719
         0         0    0.8781
         0         0    0.8844
         0         0    0.8906
         0         0    0.8969
         0         0    0.9031
         0         0    0.9094
         0         0    0.9156
         0         0    0.9219
         0         0    0.9281
         0         0    0.9344
         0         0    0.9406
         0         0    0.9469
         0         0    0.9531
         0         0    0.9594
         0         0    0.9656
         0         0    0.9719
         0         0    0.9781
         0         0    0.9844
         0         0    0.9906
         0         0    0.9969
         0    0.0031    1.0000
         0    0.0094    1.0000
         0    0.0156    1.0000
         0    0.0219    1.0000
         0    0.0281    1.0000
         0    0.0344    1.0000
         0    0.0406    1.0000
         0    0.0469    1.0000
         0    0.0531    1.0000
         0    0.0594    1.0000
         0    0.0656    1.0000
         0    0.0719    1.0000
         0    0.0781    1.0000
         0    0.0844    1.0000
         0    0.0906    1.0000
         0    0.0969    1.0000
         0    0.1031    1.0000
         0    0.1094    1.0000
         0    0.1156    1.0000
         0    0.1219    1.0000
         0    0.1281    1.0000
         0    0.1344    1.0000
         0    0.1406    1.0000
         0    0.1469    1.0000
         0    0.1531    1.0000
         0    0.1594    1.0000
         0    0.1656    1.0000
         0    0.1719    1.0000
         0    0.1781    1.0000
         0    0.1844    1.0000
         0    0.1906    1.0000
         0    0.1969    1.0000
         0    0.2031    1.0000
         0    0.2094    1.0000
         0    0.2156    1.0000
         0    0.2219    1.0000
         0    0.2281    1.0000
         0    0.2344    1.0000
         0    0.2406    1.0000
         0    0.2469    1.0000
         0    0.2531    1.0000
         0    0.2594    1.0000
         0    0.2656    1.0000
         0    0.2719    1.0000
         0    0.2781    1.0000
         0    0.2844    1.0000
         0    0.2906    1.0000
         0    0.2969    1.0000
         0    0.3031    1.0000
         0    0.3094    1.0000
         0    0.3156    1.0000
         0    0.3219    1.0000
         0    0.3281    1.0000
         0    0.3344    1.0000
         0    0.3406    1.0000
         0    0.3469    1.0000
         0    0.3531    1.0000
         0    0.3594    1.0000
         0    0.3656    1.0000
         0    0.3719    1.0000
         0    0.3781    1.0000
         0    0.3844    1.0000
         0    0.3906    1.0000
         0    0.3969    1.0000
         0    0.4031    1.0000
         0    0.4094    1.0000
         0    0.4156    1.0000
         0    0.4219    1.0000
         0    0.4281    1.0000
         0    0.4344    1.0000
         0    0.4406    1.0000
         0    0.4469    1.0000
         0    0.4531    1.0000
         0    0.4594    1.0000
         0    0.4656    1.0000
         0    0.4719    1.0000
         0    0.4781    1.0000
         0    0.4844    1.0000
         0    0.4906    1.0000
         0    0.4969    1.0000
         0    0.5031    1.0000
         0    0.5094    1.0000
         0    0.5156    1.0000
         0    0.5219    1.0000
         0    0.5281    1.0000
         0    0.5344    1.0000
         0    0.5406    1.0000
         0    0.5469    1.0000
         0    0.5531    1.0000
         0    0.5594    1.0000
         0    0.5656    1.0000
         0    0.5719    1.0000
         0    0.5781    1.0000
         0    0.5844    1.0000
         0    0.5906    1.0000
         0    0.5969    1.0000
         0    0.6031    1.0000
         0    0.6094    1.0000
         0    0.6156    1.0000
         0    0.6219    1.0000
         0    0.6281    1.0000
         0    0.6344    1.0000
         0    0.6406    1.0000
         0    0.6469    1.0000
         0    0.6531    1.0000
         0    0.6594    1.0000
         0    0.6656    1.0000
         0    0.6719    1.0000
         0    0.6781    1.0000
         0    0.6844    1.0000
         0    0.6906    1.0000
         0    0.6969    1.0000
         0    0.7031    1.0000
         0    0.7094    1.0000
         0    0.7156    1.0000
         0    0.7219    1.0000
         0    0.7281    1.0000
         0    0.7344    1.0000
         0    0.7406    1.0000
         0    0.7469    1.0000
         0    0.7531    1.0000
         0    0.7594    1.0000
         0    0.7656    1.0000
         0    0.7719    1.0000
         0    0.7781    1.0000
         0    0.7844    1.0000
         0    0.7906    1.0000
         0    0.7969    1.0000
         0    0.8031    1.0000
         0    0.8094    1.0000
         0    0.8156    1.0000
         0    0.8219    1.0000
         0    0.8281    1.0000
         0    0.8344    1.0000
         0    0.8406    1.0000
         0    0.8469    1.0000
         0    0.8531    1.0000
         0    0.8594    1.0000
         0    0.8656    1.0000
         0    0.8719    1.0000
         0    0.8781    1.0000
         0    0.8844    1.0000
         0    0.8906    1.0000
         0    0.8969    1.0000
         0    0.9031    1.0000
         0    0.9094    1.0000
         0    0.9156    1.0000
         0    0.9219    1.0000
         0    0.9281    1.0000
         0    0.9344    1.0000
         0    0.9406    1.0000
         0    0.9469    1.0000
         0    0.9531    1.0000
         0    0.9594    1.0000
         0    0.9656    1.0000
         0    0.9719    1.0000
         0    0.9781    1.0000
         0    0.9844    1.0000
         0    0.9906    1.0000
         0    0.9969    1.0000
    0.0031    1.0000    0.9969
    0.0094    1.0000    0.9906
    0.0156    1.0000    0.9844
    0.0219    1.0000    0.9781
    0.0281    1.0000    0.9719
    0.0344    1.0000    0.9656
    0.0406    1.0000    0.9594
    0.0469    1.0000    0.9531
    0.0531    1.0000    0.9469
    0.0594    1.0000    0.9406
    0.0656    1.0000    0.9344
    0.0719    1.0000    0.9281
    0.0781    1.0000    0.9219
    0.0844    1.0000    0.9156
    0.0906    1.0000    0.9094
    0.0969    1.0000    0.9031
    0.1031    1.0000    0.8969
    0.1094    1.0000    0.8906
    0.1156    1.0000    0.8844
    0.1219    1.0000    0.8781
    0.1281    1.0000    0.8719
